4016 5607
9792 1462
167 7751
1034 702
8362 7621
8115 800
6689 2594
49 1355
9635 4699
9075 2110
9003 8402
7940 4388
427 2428
749 6657
950 2056
8341 6528
854 5604
493 7532
4629 5302
5451 5906
8776 1498
3703 6766
1247 3952
5875 4159
4110 927
5076 3078
7703 7117
6511 7687
629 960
6088 7140
7438 9931
390 7783
2220 5992
406 9207
2624 7849
1781 7306
4209 9554
7940 7334
7535 8861
9082 6541
5109 6814
7450 2241
4337 312
5211 9480
9789 2010
2641 8162
8068 9220
4505 2939
4560 8439
9896 6363
3829 5802
6922 2629
2415 5744
4048 7873
5413 3576
7406 6835
9310 4966
8231 3178
7936 6391
1587 4607
5088 2080
2042 313
1299 4864
7858 2027
4965 7582
1342 2506
3481 8479
336 3948
8768 6584
9419 4036
127 7470
4312 6342
3897 6237
6582 3224
7675 5631
5481 856
229 4305
2517 3528
4728 8854
2361 7091
868 9289
5299 121
8153 2981
9379 9148
8026 7207
4750 612
7808 8054
7317 335
1082 4368
1910 9033
6826 8923
2246 4254
8541 470
6220 5171
3012 7083
1104 9138
4600 8433
4874 6885
6369 6484
6022 3413
5063 2713
9524 8930
5574 6926
4164 8842
9288 2851
221 1627
3446 5121
4207 9029
1480 9185
1113 2655
3864 1992
3683 6169
1459 6529
5244 6270
3352 259
5061 7317
3781 2241
6089 282
6921 2535
5825 8298
2609 3901
3468 9026
808 6669
5477 1748
4090 7382
3268 4308
9909 9026
8643 6679
8632 6218
3352 3910
2076 8592
6902 7315
8950 9090
5215 6144
919 6519
785 9590
2412 4331
5957 1790
445 8368
7508 3477
5335 6240
3687 1153
887 4785
4111 4553
3555 60
3744 4328
8324 7688
8114 1054
6415 1246
7525 3529
8999 3197
8449 6346
3178 2340
6683 2763
5108 4043
8924 298
8896 1205
6767 6656
5059 5413
4432 5681
5687 4109
7482 6389
7094 69
2897 5611
8247 3627
206 9992
9784 8796
4182 2527
7913 2786
8546 2382
7051 9405
1302 1636
9022 7821
6918 9515
4656 6902
2002 4870
2220 365
6606 8706
2016 4094
5944 8222
5657 7651
4868 7840
7005 9492
3547 9018
752 3154
3616 8781
4198 35
84 5772
5841 6920
499 5354
4517 3203
4608 1687
3895 9989
9532 1594
8009 4639
3907 6614
1969 3349
5240 3083
2963 1706
6047 938
680 2911
6959 9650
7751 8940
413 6204
5991 8938
5602 4485
9748 8354
7139 990
12 6105
9400 4749
7884 3502
1999 1348
3419 9022
1855 8040
8937 6402
190 884
2609 7935
2061 5707
1847 1407
2867 2566
7947 9894
3526 4787
2293 6209
5184 8180
8678 5070
2928 3411
349 4671
4163 8803
1882 4794
9309 613
1349 7900
3214 6301
8965 328
9282 4099
7747 6860
1028 25
597 3146
7932 4428
3652 1999
5989 9672
5002 5877
5268 9448
587 2414
5813 1257
512 2167
4284 436
5023 8580
5846 2533
3821 8464
822 3612
3122 2007
6169 2513
8982 5153
1945 5586
4360 3722
1739 7379
210 8859
3245 4750
1721 9851
7991 5624
8435 6310
5344 485
6747 4881
2097 5014
6968 2920
1717 5493
8347 6737
2727 2738
1898 7387
5468 3057
8622 2197
5825 5102
5275 4496
9488 2147
6168 1756
9674 2422
3880 1115
4713 4452
5048 7556
5888 6804
5692 1473
2675 9796
3651 8194
9702 7611
5073 232
5363 1082
6359 8806
187 25
7191 6259
3704 1935
2304 3550
5100 3968
6443 4772
7296 9853
9649 7240
763 2925
8698 1455
2696 986
1463 1239
2469 8727
949 7000
6270 4658
9533 746
6044 5214
9286 1086
1839 8444
7165 4715
6139 9555
5948 1967
9081 8846
5040 8113
2488 8397
8087 6844
8756 2412
3793 8224
7464 764
529 6535
8260 8129
2974 5267
9888 6675
8558 2044
455 7452
77 8698
4875 9853
5704 2348
7721 2357
7654 2082
5505 9234
6554 7120
3477 9463
5618 4963
8655 6480
4622 1823
7971 71
9262 5239
9854 7573
8277 1203
2520 509
6114 3882
1045 3134
6590 9484
1291 7606
1584 1715
7487 9851
670 8162
6682 3497
9472 4308
9334 3673
4908 7806
2328 579
9212 4286
9790 9902
7886 2251
5527 8275
9709 5679
3094 9696
4794 7691
6922 5943
866 2112
9398 1025
7190 9997
9838 3922
9065 3812
9184 9040
7700 2160
47 32
4616 3527
6042 6121
4567 5199
3285 2872
9884 1547
1798 5101
4631 9479
6732 4900
9153 505
6038 5334
6233 4899
8619 421
8529 9892
4698 7273
6179 8823
9715 3727
6790 9516
9853 2030
5921 6438
6470 5919
8139 4692
8087 606
3291 8767
7545 5333
9749 3101
5947 4231
5467 5343
8635 1153
112 6433
6748 8646
9990 9831
8402 3644
9375 3462
8482 4732
5735 9817
1470 5702
2245 6371
5131 1724
9346 9149
1071 3282
2770 6052
1756 9491
6501 5884
6608 1549
3136 7973
2354 1160
6844 1323
1620 2389
3187 7942
6251 8144
4132 8514
2934 580
8763 8396
3036 1493
691 6765
5083 3563
5037 3666
7430 6561
4469 7880
1276 7591
8834 1624
87 891
7739 86
6882 1399
8086 4992
5175 9949
8928 6530
8644 8963
6842 8010
1132 3716
8613 9024
2037 1847
6934 5154
5780 2644
4499 161
6953 703
2497 1988
6413 8030
3700 2622
1055 1441
4793 8443
5868 3295
5316 7540
2908 5080
122 9745
4864 1397
545 3670
7089 7710
1575 6721
4558 3974
727 6095
5002 604
5880 7119
1804 7847
1972 1394
8265 8448
1387 5925
9508 5751
9022 968
5187 2552
5160 1327
4384 8680
7704 1489
7792 5270
8176 6518
2841 6151
2060 5955
7322 6922
199 2225
7111 6304
4677 3941
1631 8346
9368 7027
2193 3554
8266 4409
7756 4043
7235 3846
444 6998
6111 8156
3534 1508
2113 4584
7368 5355
6668 3832
7233 8113
1054 9307
8311 816
3714 1350
5628 9090
9922 3730
3456 6749
5830 5774
3327 263
300 3743
6220 7312
1805 5269
9816 3888
8186 6795
322 2967
2395 1773
4218 3945
3367 8716
5299 4473
6535 8001
9135 3216
6461 9156
2981 5929
879 1109
1662 4403
1960 4720
7414 822
9576 7708
2720 1072
7794 2295
6418 6285
6284 5241
9969 6512
5037 8365
2926 1220
4643 7830
8479 6260
6500 8539
3365 4903
9903 2162
5364 788
4157 4129
7047 5195
870 6940
8750 5949
8143 9200
6249 7421
7581 6733
9453 6935
2262 4259
6014 6007
3233 9112
3179 8151
636 2721
1027 2583
7937 4092
1095 6961
7408 3566
2876 1091
6619 3573
5960 661
876 1021
2131 927
6874 3930
6692 1413
4735 3920
4722 9395
3989 9201
3611 236
9928 4135
9005 8575
3108 7705
6382 1019
9763 604
7609 2144
5065 8396
618 7062
7870 7817
1296 8975
3681 4281
7707 7899
5690 6717
5749 9000
831 8102
2185 8337
9526 1811
1481 9214
4940 2626
9595 6938
852 327
9437 9655
9716 1579
6959 8240
748 1231
6870 8643
3442 9608
5324 5244
2782 2832
3489 2531
7352 4048
4602 28
5947 1294
4944 2199
4812 9886
1513 3892
8402 3155
2291 5536
1610 5327
2470 3899
4366 2373
3059 50
5813 680
1177 4955
4 1641
5479 8728
3995 699
3747 8497
7302 125
8485 671
8216 633
7685 9021
7387 5809
7330 5646
6427 7544
8060 9016
282 9476
4495 9894
6599 6798
1090 3834
8749 1200
1545 1673
6219 1725
9148 9446
8946 3536
8968 2923
3855 9228
8832 3979
2627 1177
1498 8548
9535 7812
9720 47
4571 2416
9946 2449
4771 2677
5500 7473
6959 5504
4308 4002
2109 9122
1279 9398
1511 7733
7821 4278
8615 3769
251 8717
1113 7773
1986 8485
2858 7096
9628 6112
3027 2723
9058 8808
2864 8824
9916 1073
4333 6317
9310 2265
3889 3223
180 6495
273 141
1212 1261
4203 670
4796 4742
7596 3951
2571 4814
7152 4157
4663 6980
7849 595
4372 2741
5599 1861
4408 2187
2374 3403
5779 3684
6908 3054
9231 3367
3259 5650
3160 9795
2263 4609
2988 4100
7624 5075
9013 5097
8172 7659
2431 9943
5381 2118
1855 292
8125 7367
8737 33
9471 6377
6329 2916
9801 6473
165 6986
9308 4154
4378 3398
82 3617
8170 9330
8825 641
5896 100
3919 3471
4751 9167
3790 7258
4896 9711
375 2001
3715 9193
6900 9278
5116 9742
7046 8954
7202 8179
2955 4524
1729 2442
1682 3531
3116 602
8684 610
4743 4339
3434 9511
8120 2548
6040 3411
7792 4216
9725 8913
2842 616
6905 6848
5125 5108
9262 3505
8188 71
5143 7810
5434 1251
3030 7743
4752 7970
3195 8785
625 4033
336 3786
1269 4868
8019 8833
1566 7130
7425 6059
1115 464
9891 344
368 5325
4128 1683
9854 1722
175 6901
6090 775
1828 2883
5972 7529
6735 3023
1487 4007
2130 8908
2743 3507
6941 7905
7956 4484
4172 8476
3979 3850
5036 5
6071 1511
861 8204
4247 9345
8929 6676
1071 1366
3049 1120
6719 1311
2899 9024
6898 1644
5437 9559
4058 5921
7279 515
4450 1724
3349 6721
8378 5598
244 4289
8886 1406
767 8547
7808 7074
9054 8220
8842 5639
4250 9666
247 4930
7488 482
7221 414
3235 1728
6432 9808
2849 4945
9212 7256
8308 7229
9636 317
6842 4288
1597 6509
5714 999
7266 6656
5925 2268
6800 6838
9818 4578
3979 5253
4857 4571
8250 7103
7291 4500
7291 586
2361 5785
3158 541
9868 5230
2019 3780
6653 5125
7445 2448
7186 7531
9878 7295
3200 9459
5711 16
3615 5273
2975 6843
7873 5685
5670 7799
4972 7087
9642 162
6108 5326
492 5730
7985 8884
3337 4721
1493 5724
9226 3111
1031 2051
3971 466
7736 7377
4052 9485
4022 8665
2970 2399
7955 5538
3323 2571
6374 4031
7323 9997
9707 9871
3639 7766
6708 1807
5321 5304
7733 6023
3034 8346
3860 1680
8874 1180
9708 2604
4801 9012
1859 8502
1818 3677
4074 301
2933 456
3612 4286
6817 6168
9130 6222
7114 3342
7983 1065
6221 7460
5721 2357
2339 1557
5153 6529
7171 4235
9991 9277
2693 378
1405 9261
526 2943
4679 9199
3802 8116
6526 7877
5461 9837
50 262
726 2663
9768 606
8029 1654
6472 7189
9416 456
850 8546
6258 2299
1463 7371
7202 3301
2540 9858
4636 4814
7761 508
9840 6356
1000 9879
1763 5139
4203 778
6005 1201
8364 8097
1030 5042
9171 6517
3462 7119
5292 5248
9277 1002
2808 174
674 6374
6562 42
4448 8768
2373 7501
7534 7611
5080 9836
2891 356
1236 8747
5362 5304
5294 5745
1164 6353
9769 7995
1809 7993
4368 4547
8402 749
9658 5284
2292 3152
7126 8000
8488 5857
6937 7366
950 8093
7430 487
7133 5020
5819 7722
7863 1541
880 4267
622 3917
8767 4865
6736 2643
4284 8301
4271 2284
6450 7880
709 4926
8171 7554
8979 8600
5419 445
7729 7427
7732 3302
5852 425
159 9708
7485 8859
4819 3558
4977 6136
2683 7933
4170 9326
1626 3448
5976 9497
8133 8257
4484 5042
6366 6837
8905 4554
9197 4740
3839 9502
9503 4452
5893 6041
604 8714
9686 1813
9854 9936
6991 6490
3336 6033
5610 3201
2413 956
8821 1055
1326 4190
1800 3273
4824 9507
9180 2030
1100 8509
714 8347
4296 827
9537 5519
4405 139
947 6451
9697 8028
2871 423
3752 630
6821 6784
5591 6578
8483 1940
2562 3023
7485 2379
2820 1308
5412 7938
816 8693
7291 9112
6378 6274
1428 7678
3960 5511
8063 8580
5639 3125
6362 7740
5222 9530
872 3073
8025 214
8529 7390
9653 8755
8190 8957
9060 9133
6564 1198
4281 3646
5133 1454
627 4828
8005 5777
4102 1550
8213 9801
6168 4170
3489 5460
1770 4991
2609 7200
1226 5499
836 4191
3912 4139
2132 2686
6509 7102
1748 8744
9050 5792
5149 3020
5358 5461
3451 3639
9946 3980
